0000111100000101
0110011111000101
0001101100000000
0000101100011101
1000010001011101
0000111100011110
0001101100011110
0001101100001001
0000101100011101
1000010010011101
0001101100011110
0001101100000011
0000101100011101
1000010011011101
0000111100011111
0110011111000101
0001101100011111
0110011111000101
0001101100011111
0110011111000001
0001101100000001
0000101101011000
0000101101011101
0000111100010101
0110011111000101
0001101100001010
0110011111000101
0001101100010101
0110011111000001
0000101101011001
0000111101011101
0001111100000000
0000101101011010
0000110100010100
0000100101011011
0000111000001010
0000110000000000
0000111100000000
0000101101011100
0000011101011010
0001101100000001
0000101101011010
1100011100000000
0001011101011000
0010100110000111
0010110010010000
0000100101011011
0100000010000000
0000100101010111
0000010001010111
0000010101011011
0000101101010111
0001000001010111
1100101100000001
0010110010000011
0000100001111010
0000011101011001
1100101100000001
0000110000000000
0011100110000000
1100011100000000
0001011101011000
0010100110011001
0010110011000000
0100000010000000
0000100101010111
0000010001010111
0000101101010111
0001000001010111
1100101100000001
0010110010010101
0001100000000000
0000100001011100
0000011101011001
1100101100000001
0000110100010100
0000111101011110
0001111100000001
0000101101011010
0000011001011110
0000010001011100
0000011101011010
0001101100000001
0000101101011010
0000011101011100
0001011101111010
0010100111010000
0010110011010010
0000011101111010
0001011101011100
0001011101011101
0010100111010101
0010110011010111
0000101101011101
0000011001111010
0011100111001001
0000111100011101
0001101100011110
0001101100010000
0000101100011101
1000010011011101
0000101001011011
0000111000001010
0000110000001010
0100000010000000
0000010101011010
0000100101010111
0000010001010111
0100000010000000
0000010101011101
0000100101010111
0000010001010111
0100000010000000
0000100101010111
0000010001010111
0000110100000001
0000011001011011
0100011000000000
0010001011000011
1100101000000001
0000110100000000
0000110001011101
0000101101010111
0000011001010111
0100011000000000
0010000111001001
0010001011001011
1100101000000001
0000110100000000
0000010001011010
0000101101010111
0000011001010111
0100011000000000
0010000111010001
0010001011010011
1100101000000001
0000110100000000
0000111000001010
0000101101010111
0000011001010111
0100011000000000
0010000111011001
0010001011011010
1100101000000001
1100101100000001
0000011101011001
1100101100000001
0000000000000000