0000110000011110
0001100000011110
0001100000011000
0000100000011101
1000010001011101
0001100000011110
0001100000011101
0000100000011101
1000010010011101
0110010001000001
0001110000011000
0000100000011101
1000010011011101
0001100000011100
0000100011010110
0000100011010111
0110010001000010
0000100011011000
0000100011011001
0000110000000001
0000100011011010
0000110000000000
0000100011011011
0000110000000000
0000110100000001
0000111000000000
0000111100011010
0000111000011110
0001101000011110
0001101000001010
1100101000000100
0001101000000011
1100101000000100
0001101000000011
1100101000000100
0001111000000111
1100101000000100
0000111000011110
0001101000000010
1100101000000100
0110011001000001
0001101000001001
1100101000000100
0001101000000101
1100101000000100
0001101000000010
1100101000000100
0001101000000101
1100101000000100
0001111000000001
1100101000000100
0001111000011010
1100101000000100
0000111000001010
1100101000000100
1100011000000011
0100101011000000
0010101101001010
0000101011110111
1100101000000100
0000010111010111
0001100100000001
0000100111010111
0010110001000001
0000101111110111
0000111100001010
1100101100000100
1100101100000100
0110011101000011
0001101100000100
1100101100000100
0001101100000101
1100101100000100
0001111100001001
1100101100000100
0001111100001011
1100101100000100
0000111100011110
0001101100000010
1100101100000100
0110011101000001
0001101100010111
1100101100000100
0001111100001000
1100101100000100
0001101100000011
1100101100000100
0001111100001110
1100101100000100
0000111100011110
0001101100000010
1100101100000100
0110011101000001
0001101100010100
1100101100000100
0001111100000101
1100101100000100
0000111100011110
0001101100000010
1100101100000100
0110011101000001
0001101100000110
1100101100000100
0001101100000011
1100101100000100
0001101100000101
1100101100000100
0001111100001010
1100101100000100
0000111100001010
1100101100000100
1100101100000100
0000111100001101
1100011000000000
0100101011000000
0010101110001000
0000101011111001
0000010111011001
0001100100000001
0000100111011001
0010110010000000
0000101111011001
0000010011010110
0000100011010111
0000010011011000
0000100011011001
1000100010011101
0000010000011101
0001100000010101
0000100000011101
1000010001011101
0001100000011110
0001100000000101
0000100000011101
1000010010011101
0000110000000001
0000110100000001
0000011111111001
0000111000001101
0100101110000000
0010101101001010
0000111000000000
0000101011011011
0010110001001100
0000111000000001
0000101011011011
0000011011110111
0000111100011010
0100101011000000
0010101111001110
0001101100000110
0100101011000000
0010101101011001
0001101100001110
0100101011000000
0010101110000000
0000011111011010
0010011110000101
0010110010010000
0000011111011011
0010011110010100
0001100100000001
0000011111011000
0000101111011001
0000111100000000
0000101111011011
0000111100000001
0000101111011010
0010110010010000
0000011111011011
0010011110010100
0001100000000001
0000110100000000
0010110010010000
0000011111111001
0100101011000000
0010101110001011
0000111100000000
0000101111011010
0010110010010000
0000011111011001
0001101100000001
0000101111011001
0000111100000001
0000101111011010
0000011111010111
0001101100000001
0000101111010111
0010110001000011
0000011011011000
0000101011011001
0000011011111001
0000111100001101
0100101011000000
0010101110011111
1100101000000100
0000011111011001
0001101100000001
0000101111011001
0010110010010110
0000111100001010
1100101100000100
0110011101000011
0001101100000011
1100101100000100
0001111100001110
1100101100000100
0001101100001001
1100101100000100
0001101100000110
1100101100000100
0001111100001111
1100101100000100
0001101100001001
1100101100000100
0001111100001011
1100101100000100
0001101100000010
1100101100000100
0000111100011110
0001101100000010
1100101100000100
1100100000000010
0001101100001100
1100101100000100
0001111100001100
1100101100000100
0110011101000010
0001101100010111
1100101100000100
0001111100001000
1100101100000100
0001101100000011
1100101100000100
0001111100001110
1100101100000100
0000111100011110
0001101100000010
1100101100000100
0000100111011010
0000011011011010
0000110000001010
0100011000000000
0010001011001101
1100101000000010
1100101100000010
0000000000000000