0000111100000101
0110011111000101
0001101100000000
0000101100011101
1000010001011101
0000111100011110
0001101100000000
0001101100000000
0000101100011101
1000010010011101
0001101100000000
0001101100000000
0000101100011101
1000010011000000
0000111100011111
0110011111000101
0001101100000000
0110011111000101
0001101100000000
0110011111000001
0001101100000000
0000101101011000
0000111100010101
0110011111000101
0001101100000000
0110011111000101
0001101100000000
0110011111000001
0000101101011001
0000111101011110
0001111100000000
0000101101011010
0000110100010100
0000100101011011
0000111000001010
0000110000000000
0000111100000000
0000101101011100
0000101101011101
0000011101111010
0001101100000001
0000101101111010
1100011100000000
0001011101011000
0010001110001111
0000100101000111
0100000010000000
0000100101010111
0000010001010111
0000010101011011
0000101101010111
0001000001010111
1100101100000001
0010110010000011
0000100001111010
0000011101011001
1100101100000001
0000110000000000
0011100110000000
1100011100000000
0001011101011000
0010001110011110
0100000010000000
0000100101010111
0000010001010111
0000101101010111
0001000001010111
1100101100000001
0010110010010100
0000100001011100
0000011101011001
1100101100000001
0000110100010100
0000111101011110
0001111100000000
0000101101011010
0000011001011110
0000010001011100
0000011101011010
0001101100000000
0000101101011010
0000011101011100
0001011101111010
0010100111000111
0010110011001001
0000011101111010
0001011101011100
0001011101011101
0010100111001100
0010110011001110
0000101101011101
0000011001111010
0011100111000000
0000111100011101
0001101100000000
0001101100000000
0000101100011101
1000010011011101
0000101001011011
0000111000001010
0000110000001010
0100000010000000
0000010101011010
0000100101010111
0000010001010111
0100000010000000
0000010101011101
0000100101010111
0000010001010111
0100000010000000
0000100101010111
0000010001010111
0000110100000001
0000011001011011
0100011000000000
0010001011000000
1100101000000001
0000110100000000
0000110001011101
0000101101010111
0000011001010111
0100011000000000
0010000111000110
0010001011001000
1100101000000001
0000110100000000
0000010001011010
0000101101010111
0000011001010111
0100011000000000
0010000111001110
0010001011010000
1100101000000001
0000110100000000
0000111000001010
0000101101010111
0000011001010111
0100011000000000
0010000111010110
00100010111011100000
1100101000000001
1100101100000001
0000011101011001
1100101100000001
0000000000000000